3
64
88
3
17
63
48
60
94
10
4
38
61
69
1
56
14
30
4
31
8
68
90
78
50
39
34
85
76
0
47
53
54
90
14
18
60
96
34
52
47
95
97
85
74
35
86
74
94
48
92
89
86
89
14
99
19
24
53
82
24
90
90
55
34
98
28
64
51
90
24
82
98
29
39
21
33
3
99
52
69
58
34
59
66
85
46
55
62
27
64
45
68
35
72
52
40
30
83
35
88
15
9
33
0
19
22
13
51
62
1
56
77
71
57
70
70
20
80
1
39
72
31
57
39
88
92
14
11
55
87
7
21
53
3
91
53
43
7
12
1
52
80
34
4
81
50
26
71
0
41
47
85
13
28
30
74
2
63
64
50
45
38
10
3
87
24
96
38
77
10
76
52
22
97
11
8
96
63
9
55
12
80
15
2
43
90
16
67
25
97
47
20
56
19
72
97
71
48
59
27
36
1
13
41
44
79
78
87
13
81
21
69
69
92
26
10
61
3
9
66
17
6
25
5
39
13
38
20
1
70
40
30
9
75
87
0
99
97
80
30
31
27
4
33
56
44
33
93
35
17
69
29
65
45
2
88
56
52
37
56
99
69
8
86
25
58
53
51
58
49
5
66
76
26
84
59
95
18
39
36
99
42
77
29
74
24
83
87
57
15
47
81
40
71
48
9
7
38
41
3
58
26
76
55
26
90
55
83
92
30
59
2
81
38
97
31
88
65
84
0
25
81
37
83
4
50
4
20
12
16
23
11
25
72
54
92
95
58
32
72
9
6
51
30
20
86
49
27
49
92
70
46
44
10
72
54
16
73
1
3
30
0
75
92
60
72
95
60
42
63
26
29
46
43
34
38
77
89
61
14
7
41
94
74
3
26
1
66
99
54
81
64
14
83
20
99
47
72
10
90
79
28
79
80
29
88
30
75
25
89
39
68
20
81
18
82
30
51
76
64
27
27
36
20
85
73
14
39
9
17
59
0
32
14
38
5
40
58
57
97
69
12
6
73
98
76
90
68
56
83
49
1
67
44
43
64
2
25
50
21
45
5
60
5
27
34
31
13
47
80
32
83
89
58
3
27
39
29
54
44
44
86
59
70
8
50
55
26
77
91
35
57
46
51
52
6
37
62
21
73
77
96
33
36
43
95
66
64
73
73
58
9
3
87
97
0
26
77
98
63
12
56
90
12
34
31
42
78
58
75
16
32
3
79
19
63
85
64
34
69
36
36
77
29
42
73
0
63
46
22
18
71
59
21
39
33
56
72
57
10
72
28
3
44
53
33
33
12
66
54
7
14
27
5
58
37
3
53
35
79
96
97
50
73
12
63
92
73
24
32
91
21
24
17
82
65
64
24
52
6
32
42
46
73
98
54
51
19
22
14
85
47
72
68
60
55
9
51
19
6
79
7
46
98
55
27
62
48
68
31
37
95
49
29
79
67
97
22
97
72
7
27
52
20
91
36
96
82
36
85
83
98
92
70
69
36
30
38
97
14
46
6
24
0
93
62
66
22
71
12
89
62
23
55
50
40
67
66
60
6
13
71
94
99
45
49
62
22
73
50
11
92
43
23
22
86
50
97
45
94
97
80
36
4
55
31
82
83
76
89
11
22
52
97
2
19
28
43
7
25
62
56
91
4
15
20
35
79
25
23
27
96
59
20
38
17
34
91
59
88
0
66
2
67
41
8
54
70
32
14
41
43
85
74
51
80
36
66
38
52
22
24
43
2
48
22
57
25
66
76
78
23
2
21
39
83
45
70
0
99
3
47
27
73
11
31
95
79
50
23
80
42
62
62
22
48
76
25
31
46
21
49
35
13
44
29
63
82
84
4
84
0
88
68
76
85
65
58
91
77
72
27
22
25
81
9
92
68
14
47
13
66
94
51
88
55
55
76
97
53
81
34
33
11
26
77
81
41
70
5
88
28
47
93
49
21
74
73
3
19
61
78
2
80
43
94
93
8
88
60
52
91
1
6
51
24
66
92
2
33
7
93
44
30
55
19
2
65
96
69
79
75
55
97
24
8
60
65
61
74
6
62
46
52
34
11
47
39
10
27
67
63
63
63
5
81
73
44
52
94
99
12
51
25
18
79
56
75
30
92
33
56
34
34
86
79
20
85
79
8
31
42
76
58
8
78
64
1
17
39
27
82
59
86
98
46
78
7
26
43
55
42
36
81
67
95
59
7
14
94
84
28
23
46
90
6
60
47
64
37
86
93
11
15
76
85
54
75
38
29
3
73
93
40
86
47
77
8
68
